image_width: 640
image_height: 480
camera_name: camera
camera_matrix:
  rows: 3
  cols: 3
  data: [483.80055,   0.     , 318.46871,
           0.     , 483.04971, 243.6683 ,
           0.     ,   0.     ,   1.     ]
distortion_model: plumb_bob
distortion_coefficients:
  rows: 1
  cols: 5
  data: [-0.400568, 0.138553, 0.000279, -0.000687, 0.000000]
rectification_matrix:
  rows: 3
  cols: 3
  data: [1., 0., 0.,
         0., 1., 0.,
         0., 0., 1.]
projection_matrix:
  rows: 3
  cols: 4
  data: [369.23923,   0.     , 316.74552,   0.     ,
           0.     , 402.34121, 244.63843,   0.     ,
           0.     ,   0.     ,   1.     ,   0.     ]
