# oST version 5.0 parameters


[image]

width
640

height
480

[narrow_stereo]

camera matrix
478.964528 0.000000 320.076218
0.000000 477.827460 243.430458
0.000000 0.000000 1.000000

distortion
-0.387695 0.131479 0.001319 -0.001803 0.000000

rectification
1.000000 0.000000 0.000000
0.000000 1.000000 0.000000
0.000000 0.000000 1.000000

projection
378.746124 0.000000 317.301999 0.000000
0.000000 425.076447 245.150873 0.000000
0.000000 0.000000 1.000000 0.000000
